"Month, Year",HM-NE,CF-NE,FF-NE
Jan-16,0.5939395990098881,0.2575758916603115,0.14848450932980045
Feb-16,0.6,0.25000012760212637,0.14999987239787363
Mar-16,0.6095617746012927,0.24402395252106104,0.14641427287764625
Apr-16,0.5939395334845304,0.2575755831443369,0.1484848833711326
May-16,0.6035505821349597,0.25147917206207543,0.1449702458029649
Jun-16,0.5903617625407509,0.256023958164036,0.15361427929521315
Jul-16,0.6000002802809723,0.24999988321626151,0.14999983650276613
Aug-16,0.6,0.25,0.15
Sep-16,0.5963489917430272,0.2484785144134875,0.15517249384348525
Oct-16,0.5903615846719381,0.2560239519411844,0.15361446338687754
Nov-16,0.5903616776457857,0.2560238955277787,0.15361442682643564
Dec-16,0.6000003749114857,0.2499998828401607,0.14999974224835355
Jan-17,0.6000001737856511,0.2499997827679362,0.15000004344641277
Feb-17,0.6035504646642814,0.2514790885790357,0.14497044675668286
Mar-17,0.59036175480835,0.2560241169872233,0.1536141282044267
Apr-17,0.6059408752564559,0.2425742238499754,0.15148490089356867
May-17,0.6095619145847879,0.2440240103272717,0.14641407508794033
Jun-17,0.6035504542830635,0.25147935595127646,0.14497018976565995
Jul-17,0.5939394547801478,0.2575756815248153,0.14848486369503694
Aug-17,0.6000002364225485,0.24999990149060478,0.14999986208684668
Sep-17,0.6095618366632838,0.24402390161960855,0.14641426171710764
Oct-17,0.6000003273085378,0.24999989771608194,0.14999977497538025
Nov-17,0.6000002289177266,0.24999990461761393,0.1499998664646595
Dec-17,0.6,0.25000009441889887,0.1499999055811011
Jan-18,0.5963489312361095,0.24847875290493915,0.15517231585895128
Feb-18,0.6000002131738603,0.25,0.14999978682613965
Mar-18,0.6035505180984749,0.25147925479054734,0.14497022711097773
Apr-18,0.5963489439961028,0.24847878789437353,0.1551722681095236
May-18,0.5903613777367367,0.25602413891453957,0.15361448334872374
Jun-18,0.5903615962837262,0.2560241442720947,0.15361425944417906
Jul-18,0.6095617486298948,0.24402386152729819,0.14641438984280708
Aug-18,0.5939396179878358,0.25757574669961963,0.14848463531254463
Sep-18,0.5903615254951229,0.2560241384557593,0.1536143360491179
Oct-18,0.5946097211666227,0.24954932364077562,0.15584095519260166
Nov-18,0.605940812151576,0.24257418008809362,0.1514850077603304
Dec-18,0.6095620450564965,0.2440239324982547,0.1464140224452488
Jan-19,0.6095617959941494,0.24402387750365664,0.146414326502194
Feb-19,0.6000002393944278,0.25,0.14999976060557216
Mar-19,0.605940703057784,0.24257412117776997,0.151485175764446
Apr-19,0.596349146009725,0.2484785437922624,0.15517231019801261
May-19,0.6035503495456587,0.2514793123106911,0.14497033814365018
Jun-19,0.6035503750199155,0.25147922157370933,0.14497040340637515
Jul-19,0.6059406681070301,0.24257437261093567,0.15148495928203423
Aug-19,0.6095616883380311,0.24402394478873057,0.14641436687323833
Sep-19,0.5963489051172495,0.24847874454153382,0.15517235034121676
